date,GM,LS1,AK,LS2,LS3,day
01/01/2023,05,42,91,85,86,Sun
02/01/2023,70,21,65,40,92,Mon
03/01/2023,24,91,76,68,02,Tue
04/01/2023,14,14,32,69,66,Wed
05/01/2023,60,36,71,71,66,Thu
06/01/2023,78,75,06,13,21,Fri
07/01/2023,85,36,41,92,73,Sat
08/01/2023,96,43,00,40,76,Sun
09/01/2023,66,47,28,03,00,Mon
10/01/2023,85,85,71,48,47,Tue
11/01/2023,81,24,44,29,40,Wed
12/01/2023,00,67,75,97,29,Thu
13/01/2023,19,29,76,45,79,Fri
14/01/2023,71,41,63,84,05,Sat
15/01/2023,14,18,50,13,98,Sun
16/01/2023,16,74,71,33,75,Mon
17/01/2023,05,33,30,20,08,Tue
18/01/2023,91,48,27,05,16,Wed
19/01/2023,28,97,68,50,47,Thu
20/01/2023,44,97,11,84,62,Fri
21/01/2023,28,99,15,07,26,Sat
22/01/2023,84,16,48,66,10,Sun
23/01/2023,71,87,08,20,76,Mon
24/01/2023,21,61,76,78,83,Tue
25/01/2023,71,58,69,37,06,Wed
26/01/2023,74,56,35,54,18,Thu
27/01/2023,67,64,71,20,70,Fri
28/01/2023,93,61,76,11,76,Sat
29/01/2023,19,23,27,93,99,Sun
30/01/2023,67,60,68,64,72,Mon
31/01/2023,63,80,54,51,24,Tue
01/02/2023,84,77,51,98,91,Wed
02/02/2023,53,35,93,90,35,Thu
03/02/2023,81,69,50,48,45,Fri
04/02/2023,11,86,34,47,94,Sat
05/02/2023,58,99,73,76,50,Sun
06/02/2023,37,18,31,81,45,Mon
07/02/2023,50,26,57,37,86,Tue
08/02/2023,30,39,27,30,86,Wed
09/02/2023,02,26,21,01,54,Thu
10/02/2023,61,04,39,74,63,Fri
11/02/2023,20,58,34,72,51,Sat
12/02/2023,92,93,80,30,33,Sun
13/02/2023,39,21,27,27,43,Mon
14/02/2023,00,62,30,31,84,Tue
15/02/2023,68,87,68,92,19,Wed
16/02/2023,65,73,99,37,97,Thu
17/02/2023,73,70,75,91,61,Fri
18/02/2023,02,78,61,40,19,Sat
19/02/2023,78,31,61,43,70,Sun
20/02/2023,98,06,85,05,62,Mon
21/02/2023,31,73,72,19,59,Tue
22/02/2023,14,43,08,95,04,Wed
23/02/2023,95,45,68,37,08,Thu
24/02/2023,47,90,07,46,30,Fri
25/02/2023,95,03,92,15,15,Sat
26/02/2023,39,73,88,03,68,Sun
27/02/2023,96,95,62,62,66,Mon
28/02/2023,82,95,02,91,89,Tue
01/03/2023,55,31,52,06,80,Wed
02/03/2023,88,93,53,81,57,Thu
03/03/2023,04,92,78,12,11,Fri
04/03/2023,19,35,56,29,05,Sat
05/03/2023,27,33,10,57,72,Sun
06/03/2023,04,67,95,56,41,Mon
07/03/2023,Shab-e-Barat,,,,,Tue
08/03/2023,81,20,28,77,73,Wed
09/03/2023,52,52,33,56,45,Thu
10/03/2023,97,51,32,97,72,Fri
11/03/2023,90,49,39,55,37,Sat
12/03/2023,14,65,20,03,96,Sun
13/03/2023,65,14,02,25,89,Mon
14/03/2023,02,61,24,02,32,Tue
15/03/2023,45,30,06,46,86,Wed
16/03/2023,21,92,76,30,61,Thu
17/03/2023,66,32,39,15,55,Fri
18/03/2023,77,21,91,90,14,Sat
19/03/2023,25,56,58,58,21,Sun
20/03/2023,54,38,97,02,29,Mon
21/03/2023,80,92,92,95,96,Tue
22/03/2023,66,72,22,35,97,Wed
23/03/2023,25,98,96,29,63,Thu
24/03/2023,00,79,64,98,77,Fri
25/03/2023,92,02,98,49,29,Sat
26/03/2023,28,49,90,23,57,Sun
27/03/2023,06,53,36,20,10,Mon
28/03/2023,33,94,88,96,25,Tue
29/03/2023,71,45,90,67,82,Wed
30/03/2023,66,82,19,64,38,Thu
31/03/2023,79,99,88,90,73,Fri
01/04/2023,63,24,83,66,38,Sat
02/04/2023,25,95,79,00,89,Sun
03/04/2023,39,49,23,46,19,Mon
04/04/2023,30,21,72,71,32,Tue
05/04/2023,17,25,49,95,76,Wed
06/04/2023,72,07,03,76,80,Thu
07/04/2023,62,05,14,72,05,Fri
08/04/2023,33,33,37,74,97,Sat
09/04/2023,36,86,94,35,08,Sun
10/04/2023,15,64,49,48,06,Mon
11/04/2023,95,62,06,00,82,Tue
12/04/2023,78,64,94,17,97,Wed
13/04/2023,17,41,04,79,46,Thu
14/04/2023,21,60,56,30,79,Fri
15/04/2023,46,41,02,50,51,Sat
16/04/2023,73,86,29,42,80,Sun
17/04/2023,23,22,32,83,71,Mon
18/04/2023,43,03,74,36,11,Tue
19/04/2023,24,80,65,62,49,Wed
20/04/2023,98,30,24,78,73,Thu
21/04/2023,41,18,34,03,03,Fri
22/04/2023,Eid-Day-Game-Off,,,,,Sat
23/04/2023,Eid-Day-Game-Off,,,,,Sun
24/04/2023,62,52,51,93,55,Mon
25/04/2023,14,11,81,17,42,Tue
26/04/2023,10,47,10,81,81,Wed
27/04/2023,49,90,87,85,09,Thu
28/04/2023,35,00,47,29,62,Fri
29/04/2023,56,92,55,16,56,Sat
30/04/2023,53,12,22,55,28,Sun
01/05/2023,56,43,15,69,99,Mon
02/05/2023,14,93,67,55,48,Tue
03/05/2023,79,92,16,93,18,Wed
04/05/2023,58,17,68,77,01,Thu
05/05/2023,36,36,18,79,06,Fri
06/05/2023,32,49,41,34,15,Sat
07/05/2023,51,73,07,18,01,Sun
08/05/2023,92,28,41,45,78,Mon
09/05/2023,79,70,11,15,71,Tue
10/05/2023,45,28,26,31,10,Wed
11/05/2023,98,06,55,41,03,Thu
12/05/2023,01,45,48,74,72,Fri
13/05/2023,33,17,36,01,95,Sat
14/05/2023,70,06,16,99,07,Sun
15/05/2023,85,61,80,08,38,Mon
16/05/2023,51,87,06,41,43,Tue
17/05/2023,98,99,59,36,06,Wed
18/05/2023,55,53,39,89,18,Thu
19/05/2023,98,15,82,52,16,Fri
20/05/2023,58,97,48,75,53,Sat
21/05/2023,85,33,51,43,54,Sun
22/05/2023,48,33,03,33,42,Mon
23/05/2023,87,25,48,19,86,Tue
24/05/2023,36,85,70,83,98,Wed
25/05/2023,07,65,83,37,27,Thu
26/05/2023,01,08,23,86,79,Fri
27/05/2023,51,74,30,62,91,Sat
28/05/2023,07,69,28,12,37,Sun
29/05/2023,43,04,66,62,07,Mon
30/05/2023,41,10,83,96,58,Tue
31/05/2023,15,01,15,18,25,Wed
01/06/2023,72,33,72,76,65,Thu
02/06/2023,25,10,19,87,54,Fri
03/06/2023,80,82,37,08,84,Sat
04/06/2023,71,80,70,51,48,Sun
05/06/2023,02,27,19,68,61,Mon
06/06/2023,86,58,01,31,73,Tue
07/06/2023,32,81,82,75,22,Wed
08/06/2023,48,38,13,55,48,Thu
09/06/2023,37,99,86,48,04,Fri
10/06/2023,57,40,08,11,58,Sat
11/06/2023,94,01,82,65,82,Sun
12/06/2023,70,92,74,52,56,Mon
13/06/2023,60,54,23,82,81,Tue
14/06/2023,02,70,64,82,69,Wed
15/06/2023,17,47,64,40,90,Thu
16/06/2023,80,59,73,73,50,Fri
17/06/2023,69,46,61,08,20,Sat
18/06/2023,72,75,54,18,47,Sun
19/06/2023,75,71,39,95,18,Mon
20/06/2023,16,12,33,85,17,Tue
21/06/2023,57,49,08,99,75,Wed
22/06/2023,06,57,18,83,70,Thu
23/06/2023,54,93,14,93,76,Fri
24/06/2023,45,72,89,07,58,Sat
25/06/2023,69,19,40,92,77,Sun
26/06/2023,94,15,24,04,54,Mon
27/06/2023,03,99,41,84,04,Tue
28/06/2023,71,06,42,36,33,Wed
29/06/2023,Eid-ul-Adha-Game,,,,,Thu
30/06/2023,Eid-ul-Adha-Game,,,,,Fri
01/07/2023,43,38,68,00,12,Sat
02/07/2023,31,43,69,21,48,Sun
03/07/2023,80,60,80,01,94,Mon
04/07/2023,80,89,65,05,29,Tue
05/07/2023,68,81,41,16,64,Wed
06/07/2023,87,21,50,21,38,Thu
07/07/2023,80,27,09,04,17,Fri
08/07/2023,05,35,04,32,90,Sat
09/07/2023,43,22,30,99,90,Sun
10/07/2023,46,86,83,85,60,Mon
11/07/2023,29,21,46,92,45,Tue
12/07/2023,16,75,41,59,89,Wed
13/07/2023,26,88,78,70,12,Thu
14/07/2023,62,15,85,56,22,Fri
15/07/2023,20,68,95,22,81,Sat
16/07/2023,99,45,22,08,23,Sun
17/07/2023,68,23,77,02,22,Mon
18/07/2023,56,96,88,94,62,Tue
19/07/2023,85,70,22,42,75,Wed
20/07/2023,33,45,86,32,29,Thu
21/07/2023,54,85,18,88,50,Fri
22/07/2023,32,12,77,70,76,Sat
23/07/2023,84,02,73,05,65,Sun
24/07/2023,02,09,65,74,78,Mon
25/07/2023,91,74,43,06,50,Tue
26/07/2023,83,88,81,57,97,Wed
27/07/2023,96,63,75,20,49,Thu
28/07/2023,9-Muhram-Ul-Haram,,,,,Fri
29/07/2023,10-Muhram-ul-haram,,,,,Sat
30/07/2023,16,19,33,98,59,Sun
31/07/2023,91,26,64,28,63,Mon
01/08/2023,31,31,28,81,63,Tue
02/08/2023,60,12,06,26,53,Wed
03/08/2023,73,69,16,22,98,Thu
04/08/2023,06,64,34,01,15,Fri
05/08/2023,64,07,22,45,88,Sat
06/08/2023,00,87,25,83,20,Sun
07/08/2023,84,33,62,82,38,Mon
08/08/2023,64,46,46,21,78,Tue
09/08/2023,81,79,59,40,42,Wed
10/08/2023,47,61,40,12,16,Thu
11/08/2023,48,10,62,09,46,Fri
12/08/2023,48,97,69,38,97,Sat
13/08/2023,45,26,42,91,59,Sun
14/08/2023,99,88,27,09,07,Mon
15/08/2023,42,99,21,26,66,Tue
16/08/2023,15,92,83,09,52,Wed
17/08/2023,05,39,57,98,27,Thu
18/08/2023,28,08,10,21,30,Fri
19/08/2023,50,07,64,31,09,Sat
20/08/2023,18,15,49,74,47,Sun
21/08/2023,46,83,59,69,30,Mon
22/08/2023,63,10,95,74,83,Tue
23/08/2023,40,51,58,74,40,Wed
24/08/2023,38,35,64,86,10,Thu
25/08/2023,57,29,15,84,41,Fri
26/08/2023,23,00,55,39,88,Sat
27/08/2023,59,54,91,92,97,Sun
28/08/2023,65,79,41,66,81,Mon
29/08/2023,05,72,55,79,25,Tue
30/08/2023,64,70,67,55,51,Wed
31/08/2023,96,96,54,81,27,Thu
01/09/2023,39,05,03,05,65,Fri
02/09/2023,62,22,57,53,04,Sat
03/09/2023,52,47,55,27,32,Sun
04/09/2023,18,31,90,38,44,Mon
05/09/2023,07,18,77,15,05,Tue
06/09/2023,98,00,98,35,19,Wed
07/09/2023,32,77,76,74,41,Thu
08/09/2023,91,34,76,22,80,Fri
09/09/2023,42,90,85,85,57,Sat
10/09/2023,41,72,82,78,72,Sun
11/09/2023,91,40,04,28,51,Mon
12/09/2023,43,09,92,41,78,Tue
13/09/2023,28,18,69,79,49,Wed
14/09/2023,09,42,75,19,69,Thu
15/09/2023,28,77,04,88,57,Fri
16/09/2023,21,84,23,43,02,Sat
17/09/2023,34,34,53,04,33,Sun
18/09/2023,90,06,54,85,91,Mon
19/09/2023,69,88,28,88,42,Tue
20/09/2023,42,39,94,60,87,Wed
21/09/2023,04,98,12,42,19,Thu
22/09/2023,09,66,46,09,03,Fri
23/09/2023,68,54,17,93,28,Sat
24/09/2023,27,51,22,47,11,Sun
25/09/2023,64,77,12,49,82,Mon
26/09/2023,11,63,78,62,36,Tue
27/09/2023,57,02,17,55,58,Wed
28/09/2023,19,87,13,96,22,Thu
29/09/2023,12-Rabi-Awal-Off,,,,,Fri
30/09/2023,35,52,28,50,12,Sat
01/10/2023,37,80,41,15,53,Sun
02/10/2023,42,54,77,97,79,Mon
03/10/2023,11,50,79,54,87,Tue
04/10/2023,50,46,98,39,17,Wed
05/10/2023,54,86,65,81,47,Thu
06/10/2023,27,06,97,17,35,Fri
07/10/2023,99,59,21,91,09,Sat
08/10/2023,32,96,00,71,49,Sun
09/10/2023,79,57,19,23,75,Mon
10/10/2023,05,73,94,34,32,Tue
11/10/2023,06,97,31,78,69,Wed
12/10/2023,74,89,31,04,23,Thu
13/10/2023,12,89,74,35,84,Fri
14/10/2023,73,79,59,38,71,Sat
15/10/2023,25,81,54,57,43,Sun
16/10/2023,32,18,87,57,32,Mon
17/10/2023,16,73,30,50,48,Tue
18/10/2023,99,68,53,52,36,Wed
19/10/2023,31,53,05,11,90,Thu
20/10/2023,34,14,17,40,55,Fri
21/10/2023,36,62,81,30,78,Sat
22/10/2023,04,94,99,14,15,Sun
23/10/2023,34,81,48,45,41,Mon
24/10/2023,04,51,77,53,68,Tue
25/10/2023,90,80,67,59,36,Wed
26/10/2023,83,09,83,04,68,Thu
27/10/2023,69,34,01,15,17,Fri
28/10/2023,58,42,79,12,61,Sat
29/10/2023,04,84,40,50,94,Sun
30/10/2023,91,98,53,65,51,Mon
31/10/2023,19,65,94,67,67,Tue
01/11/2023,18,50,34,95,91,Wed
02/11/2023,56,50,25,08,29,Thu
03/11/2023,91,24,39,78,04,Fri
04/11/2023,38,18,29,03,96,Sat
05/11/2023,36,49,30,32,38,Sun
06/11/2023,97,19,30,72,23,Mon
07/11/2023,27,68,12,32,80,Tue
08/11/2023,01,27,63,94,25,Wed
09/11/2023,48,06,30,06,43,Thu
10/11/2023,31,06,16,52,67,Fri
11/11/2023,03,19,63,64,82,Sat
12/11/2023,62,15,91,30,35,Sun
13/11/2023,24,85,62,60,73,Mon
14/11/2023,90,39,82,61,66,Tue
15/11/2023,62,43,34,65,60,Wed
16/11/2023,16,51,38,14,39,Thu
17/11/2023,83,08,37,06,58,Fri
18/11/2023,23,93,49,67,46,Sat
19/11/2023,66,98,48,89,92,Sun
20/11/2023,48,38,32,37,77,Mon
21/11/2023,38,56,59,83,31,Tue
22/11/2023,02,37,90,57,66,Wed
23/11/2023,83,72,73,71,10,Thu
24/11/2023,00,36,78,41,57,Fri
25/11/2023,16,55,76,37,30,Sat
26/11/2023,35,78,06,48,52,Sun
27/11/2023,66,62,05,65,27,Mon
28/11/2023,67,74,20,16,88,Tue
29/11/2023,10,60,66,91,44,Wed
30/11/2023,02,79,58,63,60,Thu
01/12/2023,53,10,76,10,83,Fri
02/12/2023,21,91,99,72,85,Sat
03/12/2023,20,24,55,14,60,Sun
04/12/2023,79,61,93,89,47,Mon
05/12/2023,02,21,40,90,55,Tue
06/12/2023,59,82,76,90,89,Wed
07/12/2023,57,59,66,25,42,Thu
08/12/2023,69,63,32,89,65,Fri
09/12/2023,55,16,56,00,03,Sat
10/12/2023,90,52,52,03,52,Sun
11/12/2023,58,01,01,97,28,Mon
12/12/2023,73,85,36,45,60,Tue
13/12/2023,21,01,45,38,02,Wed
14/12/2023,93,55,15,31,37,Thu
15/12/2023,36,73,97,66,28,Fri
16/12/2023,76,62,60,29,34,Sat
17/12/2023,49,20,15,43,04,Sun
18/12/2023,27,25,13,42,16,Mon
19/12/2023,78,24,59,29,01,Tue
20/12/2023,99,52,81,64,02,Wed
21/12/2023,52,28,48,09,82,Thu
22/12/2023,91,38,61,24,56,Fri
23/12/2023,02,61,02,03,81,Sat
24/12/2023,85,66,42,34,13,Sun
25/12/2023,89,38,89,58,31,Mon
26/12/2023,57,47,97,60,55,Tue
27/12/2023,43,97,82,44,31,Wed
28/12/2023,69,91,87,11,46,Thu
29/12/2023,24,99,44,86,83,Fri
30/12/2023,99,51,19,65,76,Sat
31/12/2023,76,92,81,17,56,Sun
01/01/2024,78,77,93,78,93,Mon
02/01/2024,58,29,89,13,14,Tue
03/01/2024,01,17,84,87,46,Wed
04/01/2024,41,29,20,66,44,Thu
05/01/2024,75,29,20,79,39,Fri
06/01/2024,21,82,25,01,80,Sat
07/01/2024,68,71,17,65,47,Sun
08/01/2024,73,60,78,04,24,Mon
09/01/2024,80,08,16,28,86,Tue
10/01/2024,75,41,03,85,89,Wed
11/01/2024,76,14,44,37,24,Thu
12/01/2024,33,47,29,66,61,Fri
13/01/2024,60,41,72,44,15,Sat
14/01/2024,02,08,34,79,74,Sun
15/01/2024,84,24,42,80,25,Mon
16/01/2024,06,78,04,03,47,Tue
17/01/2024,06,02,14,57,27,Wed
18/01/2024,05,76,49,20,45,Thu
19/01/2024,67,81,03,20,85,Fri
20/01/2024,37,67,04,41,11,Sat
21/01/2024,38,75,63,57,49,Sun
22/01/2024,80,14,31,93,31,Mon
23/01/2024,47,45,88,05,08,Tue
24/01/2024,68,75,51,01,84,Wed
25/01/2024,94,34,74,91,59,Thu
26/01/2024,67,90,19,34,51,Fri
27/01/2024,50,03,08,08,93,Sat
28/01/2024,47,99,73,03,64,Sun
29/01/2024,03,77,40,64,43,Mon
30/01/2024,16,49,13,28,61,Tue
31/01/2024,01,96,74,76,86,Wed
01/02/2024,82,71,44,09,68,Thu
02/02/2024,16,86,25,41,06,Fri
03/02/2024,94,51,96,44,09,Sat
04/02/2024,43,11,06,63,57,Sun
05/02/2024,92,95,44,84,47,Mon
06/02/2024,76,67,69,71,56,Tue
07/02/2024,37,20,68,13,51,Wed
08/02/2024,09,33,70,05,36,Thu
09/02/2024,59,98,00,58,95,Fri
10/02/2024,52,96,98,97,13,Sat
11/02/2024,49,05,37,29,77,Sun
12/02/2024,89,33,18,35,09,Mon
13/02/2024,94,75,33,37,77,Tue
14/02/2024,40,98,40,42,50,Wed
15/02/2024,24,41,70,89,41,Thu
16/02/2024,81,39,75,46,67,Fri
17/02/2024,31,45,10,73,62,Sat
18/02/2024,84,81,61,61,90,Sun
19/02/2024,72,70,79,11,40,Mon
20/02/2024,75,11,31,15,21,Tue
21/02/2024,55,28,75,44,88,Wed
22/02/2024,78,79,81,53,73,Thu
23/02/2024,66,27,56,79,35,Fri
24/02/2024,52,09,08,53,69,Sat
25/02/2024,15-Shoban-Game-Off,,,,,Sun
26/02/2024,31,82,91,52,33,Mon
27/02/2024,52,15,00,52,45,Tue
28/02/2024,62,58,53,04,50,Wed
29/02/2024,89,66,05,20,27,Thu
01/03/2024,44,95,88,35,88,Fri
02/03/2024,70,33,70,43,39,Sat
03/03/2024,33,68,84,39,28,Sun
04/03/2024,59,58,18,96,30,Mon
05/03/2024,11,39,34,75,93,Tue
06/03/2024,62,37,87,50,01,Wed
07/03/2024,56,13,34,36,17,Thu
08/03/2024,56,21,85,63,73,Fri
09/03/2024,72,14,36,62,95,Sat
10/03/2024,31,08,69,94,21,Sun
11/03/2024,37,90,59,52,28,Mon
12/03/2024,72,27,66,13,72,Tue
13/03/2024,96,72,32,43,61,Wed
14/03/2024,82,11,13,11,35,Thu
15/03/2024,74,63,92,83,72,Fri
16/03/2024,34,46,37,42,45,Sat
17/03/2024,93,40,17,01,69,Sun
18/03/2024,11,99,99,39,74,Mon
19/03/2024,93,20,92,95,77,Tue
20/03/2024,53,34,66,60,90,Wed
21/03/2024,97,09,68,17,98,Thu
22/03/2024,44,06,60,92,18,Fri
23/03/2024,27,19,45,06,64,Sat
24/03/2024,93,78,49,62,81,Sun
25/03/2024,70,82,31,71,67,Mon
26/03/2024,09,83,50,00,82,Tue
27/03/2024,69,40,68,13,99,Wed
28/03/2024,38,34,09,20,96,Thu
29/03/2024,61,61,56,41,68,Fri
30/03/2024,40,09,96,25,53,Sat
31/03/2024,71,90,02,27,25,Sun
01/04/2024,38,05,07,26,46,Mon
02/04/2024,82,30,97,25,69,Tue
03/04/2024,07,67,83,26,53,Wed
04/04/2024,83,02,39,91,83,Thu
05/04/2024,68,38,10,60,19,Fri
06/04/2024,63,17,82,88,04,Sat
07/04/2024,05,60,96,67,59,Sun
08/04/2024,24,55,92,40,43,Mon
09/04/2024,96,67,53,43,91,Tue
10/04/2024,Eid-ul-Fitr-Game-Off,,,,,Wed
11/04/2024,Eid-ul-Fitr-Game-Off,,,,,Thu
12/04/2024,28,99,30,30,22,Fri
13/04/2024,26,86,08,16,87,Sat
14/04/2024,16,45,20,54,59,Sun
15/04/2024,21,58,52,91,58,Mon
16/04/2024,83,77,42,68,52,Tue
17/04/2024,44,85,18,56,05,Wed
18/04/2024,21,17,26,20,92,Thu
19/04/2024,70,58,78,15,49,Fri
20/04/2024,92,20,87,94,86,Sat
21/04/2024,68,72,74,24,78,Sun
22/04/2024,71,78,80,07,90,Mon
23/04/2024,64,37,28,69,92,Tue
24/04/2024,75,86,34,02,22,Wed
25/04/2024,36,50,21,81,60,Thu
26/04/2024,41,96,60,28,87,Fri
27/04/2024,07,94,21,41,21,Sat
28/04/2024,92,15,08,64,51,Sun
29/04/2024,75,71,38,90,65,Mon
30/04/2024,21,97,07,50,87,Tue
01/05/2024,51,51,52,31,30,Wed
02/05/2024,03,78,31,44,94,Thu
03/05/2024,71,94,32,59,84,Fri
04/05/2024,55,14,17,22,29,Sat
05/05/2024,57,53,72,53,88,Sun
06/05/2024,31,57,99,22,72,Mon
07/05/2024,67,45,54,58,93,Tue
08/05/2024,88,07,45,51,00,Wed
09/05/2024,53,06,21,42,80,Thu
10/05/2024,95,99,79,17,13,Fri
11/05/2024,03,31,76,07,52,Sat
12/05/2024,39,29,39,26,39,Sun
13/05/2024,69,34,38,22,13,Mon
14/05/2024,29,49,57,97,00,Tue
15/05/2024,96,71,24,56,57,Wed
16/05/2024,89,94,11,40,75,Thu
17/05/2024,06,80,65,22,32,Fri
18/05/2024,61,57,84,29,80,Sat
19/05/2024,54,79,67,53,92,Sun
20/05/2024,26,00,72,30,27,Mon
21/05/2024,84,00,82,07,30,Tue
22/05/2024,28,66,11,89,62,Wed
23/05/2024,87,10,57,13,50,Thu
24/05/2024,84,30,15,08,63,Fri
25/05/2024,63,84,24,44,85,Sat
26/05/2024,61,00,14,56,36,Sun
27/05/2024,87,38,72,10,80,Mon
28/05/2024,60,97,66,16,79,Tue
29/05/2024,74,78,11,99,34,Wed
30/05/2024,51,70,36,61,83,Thu
31/05/2024,16,58,97,71,14,Fri
01/06/2024,09,92,62,60,98,Sat
02/06/2024,42,71,99,63,33,Sun
03/06/2024,12,79,46,03,51,Mon
04/06/2024,80,71,76,40,10,Tue
05/06/2024,44,10,14,42,29,Wed
06/06/2024,70,22,14,73,41,Thu
07/06/2024,44,54,06,07,07,Fri
08/06/2024,05,13,79,01,33,Sat
09/06/2024,52,20,11,12,47,Sun
10/06/2024,65,53,03,82,44,Mon
11/06/2024,54,96,16,20,01,Tue
12/06/2024,28,45,82,42,70,Wed
13/06/2024,21,11,73,79,98,Thu
14/06/2024,36,35,58,85,31,Fri
15/06/2024,07,58,60,84,58,Sat
16/06/2024,65,37,25,84,08,Sun
17/06/2024,Eid-Ul-Adha-Off,,,,,Mon
18/06/2024,Eid-Ul-Adha-Off,,,,,Tue
19/06/2024,01,49,29,21,06,Wed
20/06/2024,06,04,85,72,39,Thu
21/06/2024,78,62,86,78,70,Fri
22/06/2024,29,25,60,63,96,Sat
23/06/2024,01,24,68,52,97,Sun
24/06/2024,77,81,60,89,12,Mon
25/06/2024,03,74,62,72,63,Tue
26/06/2024,12,31,07,31,11,Wed
27/06/2024,64,19,76,26,78,Thu
28/06/2024,06,41,54,63,73,Fri
29/06/2024,85,31,84,67,21,Sat
30/06/2024,37,52,70,92,25,Sun
01/07/2024,80,52,68,73,80,Mon
02/07/2024,70,73,28,16,51,Tue
03/07/2024,72,59,01,74,82,Wed
04/07/2024,35,67,19,24,62,Thu
05/07/2024,74,73,97,54,56,Fri
06/07/2024,74,41,40,00,87,Sat
07/07/2024,82,33,74,87,27,Sun
08/07/2024,58,89,79,61,47,Mon
09/07/2024,26,16,41,98,45,Tue
10/07/2024,77,98,93,39,50,Wed
11/07/2024,77,25,22,82,26,Thu
12/07/2024,46,89,05,19,31,Fri
13/07/2024,37,30,44,09,95,Sat
14/07/2024,64,47,65,00,36,Sun
15/07/2024,17,66,04,73,26,Mon
16/07/2024,9-Muharram,,,,,Tue
17/07/2024,10-Muharram,,,,,Wed
18/07/2024,49,30,35,86,40,Thu
19/07/2024,49,45,10,21,10,Fri
20/07/2024,40,19,03,22,71,Sat
21/07/2024,05,08,66,81,58,Sun
22/07/2024,84,50,01,06,02,Mon
23/07/2024,46,66,49,66,65,Tue
24/07/2024,36,04,01,07,82,Wed
25/07/2024,88,47,67,80,44,Thu
26/07/2024,30,09,70,85,30,Fri
27/07/2024,89,67,96,77,10,Sat
28/07/2024,27,30,64,01,45,Sun
29/07/2024,76,23,13,40,97,Mon
30/07/2024,60,27,35,19,68,Thu
31/07/2024,37,97,45,33,30,Wed
01/08/2024,49,95,22,04,22,Thu
02/08/2024,98,35,41,52,32,Fri
03/08/2024,26,07,26,07,40,Sat
04/08/2024,39,74,12,17,54,Sun
05/08/2024,25,32,85,52,89,Mon
06/08/2024,99,05,36,40,23,Tue
07/08/2024,70,66,26,77,47,Wed
08/08/2024,01,81,37,84,65,Thu
09/08/2024,54,84,37,80,81,Fri
10/08/2024,14,07,95,54,63,Sat
11/08/2024,85,23,00,64,61,Sun
12/08/2024,12,70,72,22,65,Mon
13/08/2024,40,17,18,55,53,Tue
14/08/2024,16,81,41,22,68,Wed
15/08/2024,61,12,81,63,36,Thu
16/08/2024,45,41,38,41,74,Fri
17/08/2024,77,55,86,72,24,Sat
18/08/2024,85,34,84,17,17,Sun
19/08/2024,87,97,16,63,58,Mon
20/08/2024,32,08,86,01,66,Tue
21/08/2024,23,81,92,85,35,Wed
22/08/2024,29,02,08,69,05,Thu
23/08/2024,73,82,85,68,21,Fri
24/08/2024,42,93,01,86,73,Sat
25/08/2024,89,28,25,23,94,Sun
26/08/2024,55,68,49,38,64,Mon
27/08/2024,42,08,47,79,29,Tue
28/08/2024,02,55,32,18,63,Wed
29/08/2024,64,13,84,70,93,Thu
30/08/2024,28,91,81,13,61,Fri
31/08/2024,88,23,22,81,81,Sat
01/09/2024,29,56,84,09,78,Sun
02/09/2024,14,19,90,68,68,Mon
03/09/2024,19,12,80,46,95,Tue
04/09/2024,74,44,54,52,84,Wed
05/09/2024,19,87,79,17,88,Thu
06/09/2024,84,68,77,28,07,Fri
07/09/2024,30,78,84,57,22,Sat
08/09/2024,61,80,23,54,39,Sun
09/09/2024,00,99,66,35,87,Mon
10/09/2024,39,31,53,16,95,Tue
11/09/2024,88,09,25,14,96,Wed
12/09/2024,96,93,30,59,25,Thu
13/09/2024,14,62,52,66,95,Fri
14/09/2024,35,79,35,63,67,Sat
15/09/2024,97,34,86,57,09,Sun
16/09/2024,79,92,98,74,01,Mon
17/09/2024,12-Rabi-ul-Awal,,,,,Tue
18/09/2024,52,51,98,87,33,Wed
19/09/2024,77,20,32,30,78,Thu
20/09/2024,53,13,12,45,05,Fri
21/09/2024,32,35,05,09,73,Sat
22/09/2024,63,29,41,77,45,Sun
23/09/2024,20,09,97,20,02,Mon
24/09/2024,17,65,97,88,56,Tue
25/09/2024,90,73,15,84,69,Wed
26/09/2024,51,17,33,81,98,Thu
27/09/2024,55,16,61,89,46,Fri
28/09/2024,97,28,63,65,18,Sat
29/09/2024,28,32,91,93,96,Sun
30/09/2024,54,57,57,51,26,Mon
01/10/2024,64,32,49,69,10,Tue
02/10/2024,92,32,13,73,26,Wed
03/10/2024,51,29,78,09,12,Thu
04/10/2024,18,76,07,30,32,Fri
05/10/2024,81,19,53,37,41,Sat
06/10/2024,81,52,19,73,30,Sun
07/10/2024,86,72,50,48,53,Mon
08/10/2024,81,41,46,00,51,Tue
09/10/2024,24,49,00,43,30,Wed
10/10/2024,87,25,58,64,06,Thu
11/10/2024,73,53,00,66,23,Fri
12/10/2024,92,10,51,94,57,Sat
13/10/2024,93,89,02,19,97,Sun
14/10/2024,70,88,10,83,48,Mon
15/10/2024,66,52,14,54,95,Tue
16/10/2024,89,51,42,15,23,Wed
17/10/2024,51,14,29,42,42,Thu
18/10/2024,09,02,86,94,25,Fri
19/10/2024,88,30,57,23,05,Sat
20/10/2024,21,24,71,81,75,Sun
21/10/2024,88,59,45,09,78,Mon
22/10/2024,96,70,15,96,94,Tue
23/10/2024,87,00,88,57,00,Wed
24/10/2024,13,09,55,69,74,Thu
25/10/2024,51,04,39,91,63,Fri
26/10/2024,96,68,49,42,88,Sat
27/10/2024,39,59,51,40,04,Sun
28/10/2024,33,86,41,92,84,Mon
29/10/2024,18,46,23,40,49,Tue
30/10/2024,92,12,95,95,27,Wed
31/10/2024,37,94,09,08,42,Thu
01/11/2024,02,27,07,96,49,Fri
02/11/2024,34,93,49,35,90,Sat
03/11/2024,26,45,48,34,21,Sun
04/11/2024,63,51,59,58,66,Mon
05/11/2024,13,85,79,63,25,Thu
06/11/2024,80,96,53,73,62,Wed
07/11/2024,61,02,59,26,18,Thu
08/11/2024,04,02,37,04,77,Fri
09/11/2024,25,61,26,39,02,Sat
10/11/2024,32,23,24,24,90,Sun
11/11/2024,85,02,84,43,22,Mon
12/11/2024,05,33,45,01,41,Tue
13/11/2024,04,72,83,78,86,Wed
14/11/2024,57,40,83,52,78,Thu
15/11/2024,12,43,93,81,08,Fri
16/11/2024,09,77,76,88,58,Sat
17/11/2024,50,47,27,74,26,Sun
18/11/2024,43,67,18,93,57,Mon
19/11/2024,34,05,67,41,86,Tue
20/11/2024,86,05,00,58,61,Wed
21/11/2024,85,91,83,91,12,Thu
22/11/2024,26,86,64,04,54,Fri
23/11/2024,17,06,30,53,67,Sat
24/11/2024,57,86,16,28,22,Sun
25/11/2024,53,50,67,57,91,Mon
26/11/2024,56,10,37,08,13,Tue
27/11/2024,38,83,61,93,76,Wed
28/11/2024,52,93,15,66,84,Thu
29/11/2024,26,39,16,97,39,Fri
30/11/2024,06,76,29,33,22,Sat
01/12/2024,77,29,65,08,83,Sun
02/12/2024,18,33,24,24,13,Mon
03/12/2024,62,50,62,87,64,Tue
04/12/2024,67,77,57,01,08,Wed
05/12/2024,14,86,36,01,12,Thu
06/12/2024,29,87,30,48,78,Fri
07/12/2024,38,39,05,31,84,Sat
08/12/2024,06,85,36,12,40,Sun
09/12/2024,64,61,82,77,71,Mon
10/12/2024,33,69,77,71,60,Tue
11/12/2024,87,48,22,76,97,Wed
12/12/2024,80,75,17,83,46,Thu
13/12/2024,95,72,87,86,62,Fri
14/12/2024,11,58,70,48,83,Sat
15/12/2024,27,23,13,83,20,Sun
16/12/2024,70,70,33,29,43,Mon
17/12/2024,75,26,35,13,55,Tue
18/12/2024,08,45,42,17,17,Wed
19/12/2024,67,62,60,02,56,Thu
20/12/2024,29,01,44,77,85,Fri
21/12/2024,64,77,73,97,29,Sat
22/12/2024,45,56,15,14,72,Sun
23/12/2024,69,16,78,81,17,Mon
24/12/2024,43,60,95,48,63,Tue
25/12/2024,06,16,99,10,70,Wed
26/12/2024,12,90,26,06,56,Thu
27/12/2024,07,80,83,46,26,Fri
28/12/2024,75,38,99,23,77,Sat
29/12/2024,62,80,26,65,41,Sun
30/12/2024,83,65,69,28,21,Mon
31/12/2024,51,82,76,80,14,Tue
01/01/2025,61,46,61,47,64,Wed
02/01/2025,64,43,90,78,81,Thu
03/01/2025,22,14,22,33,40,Fri
04/01/2025,94,24,26,17,11,Sat
05/01/2025,33,95,54,69,95,Sun
06/01/2025,29,94,07,05,71,Mon
07/01/2025,36,98,23,70,96,Tue
08/01/2025,94,71,02,60,64,Wed
09/01/2025,43,27,95,12,74,Thu
10/01/2025,46,21,24,01,27,Fri
11/01/2025,60,75,01,90,09,Sat
12/01/2025,79,91,80,63,24,Sun
13/01/2025,27,11,27,82,15,Mon
14/01/2025,77,56,94,21,52,Tue
15/01/2025,98,41,52,21,96,Wed
16/01/2025,24,41,84,29,38,Thu
17/01/2025,11,79,95,44,46,Fri
18/01/2025,34,10,13,59,72,Sat
19/01/2025,99,04,27,97,02,Sun
20/01/2025,32,34,30,74,54,Mon
21/01/2025,95,32,69,32,01,Tue
22/01/2025,59,08,99,26,91,Wed
23/01/2025,89,89,94,87,59,Thu
24/01/2025,57,09,14,91,33,Fri
25/01/2025,65,92,35,76,59,Sat
26/01/2025,16,89,62,73,18,Sun
27/01/2025,94,35,13,13,94,Mon
28/01/2025,65,98,72,18,80,Tue
29/01/2025,93,47,71,15,38,Wed
30/01/2025,80,37,05,74,40,Thu
31/01/2025,17,80,84,82,70,Fri
01/02/2025,04,03,18,73,79,Sat
02/02/2025,18,59,86,97,05,Sun
03/02/2025,80,91,36,82,97,Mon
04/02/2025,48,57,18,82,22,Tue
05/02/2025,55,47,82,34,95,Wed
06/02/2025,30,94,98,09,81,Thu
07/02/2025,92,73,44,48,58,Fri
08/02/2025,82,55,46,65,43,Sat
09/02/2025,53,22,87,95,85,Sun
10/02/2025,27,08,71,67,58,Mon
11/02/2025,04,04,04,01,65,Tue
12/02/2025,89,44,60,70,76,Wed
13/02/2025,xx,xx,xx,xx,xx,Thu
14/02/2025,50,12,95,19,12,Fri
15/02/2025,70,47,95,44,25,Sat
16/02/2025,51,06,97,19,43,Sun
17/02/2025,43,50,91,83,15,Mon
18/02/2025,84,43,47,69,02,Tue
19/02/2025,12,49,60,10,08,Wed
20/02/2025,66,33,53,85,64,Thu
21/02/2025,05,54,10,02,39,Fri
22/02/2025,19,08,44,15,91,Sat
23/02/2025,49,79,52,81,01,Sun
24/02/2025,55,51,77,10,35,Mon
25/02/2025,66,53,85,50,59,Tue
26/02/2025,42,41,91,24,39,Wed
27/02/2025,48,22,71,05,74,Thu
28/02/2025,98,83,94,58,11,Fri
01/03/2025,76,10,74,90,93,Sat
02/03/2025,08,41,34,79,61,Sun
03/03/2025,16,33,78,46,77,Mon
04/03/2025,93,93,55,91,06,Tue
05/03/2025,46,87,12,14,84,Wed
06/03/2025,35,57,87,12,87,Thu
07/03/2025,05,01,20,32,38,Fri
08/03/2025,54,95,87,59,51,Sat
09/03/2025,74,81,53,61,05,Sun
10/03/2025,18,30,55,69,34,Mon
11/03/2025,69,03,68,98,18,Tue
12/03/2025,65,25,16,54,66,Wed
13/03/2025,97,15,55,35,52,Thu
14/03/2025,53,37,35,56,29,Fri
15/03/2025,81,33,43,88,87,Sat
16/03/2025,25,39,40,34,97,Sun
17/03/2025,18,60,53,57,32,Mon
18/03/2025,38,87,01,24,54,Tue
19/03/2025,39,28,08,70,37,Wed
20/03/2025,75,28,46,70,38,Thu
21/03/2025,49,30,30,64,41,Fri
22/03/2025,20,48,99,78,51,Sat
23/03/2025,75,34,43,50,14,Sun
24/03/2025,11,42,62,58,60,Mon
25/03/2025,82,30,32,32,11,Tue
26/03/2025,53,06,40,19,30,Wed
27/03/2025,04,41,19,02,56,Thu
28/03/2025,33,20,74,71,74,Fri
29/03/2025,02,49,64,25,86,Sat
30/03/2025,43,11,87,38,44,Sun
31/03/2025,xx,xx,xx,xx,xx,Mon
01/04/2025,xx,xx,xx,xx,xx,Tue
02/04/2025,61,08,04,17,38,Wed
03/04/2025,14,61,09,88,62,Thu
04/04/2025,81,88,69,34,92,Fri
05/04/2025,32,13,62,73,01,Sat
06/04/2025,34,50,64,61,86,Sun
07/04/2025,09,37,72,67,86,Mon
08/04/2025,94,94,70,61,39,99,Tue
09/04/2025,17,32,61,83,53,Wed
10/04/2025,09,08,51,97,64,Thu
11/04/2025,67,40,69,84,90,Fri
12/04/2025,71,92,51,26,29,Sat
13/04/2025,38,38,12,15,92,Sun
14/04/2025,32,46,99,98,74,Mon
15/04/2025,55,17,64,15,62,Tue
16/04/2025,01,91,70,05,92,Wed
17/04/2025,79,65,74,03,93,Thu
18/04/2025,05,25,03,55,37,Fri
19/04/2025,67,67,89,62,72,Sat
20/04/2025,44,75,48,05,54,Sun
21/04/2025,51,44,57,11,75,Mon
22/04/2025,90,64,79,52,81,Tue
23/04/2025,57,70,00,65,07,Wed
24/04/2025,48,97,77,27,06,Thu
25/04/2025,99,44,96,06,71,Fri
26/04/2025,61,96,38,04,29,Sat
27/04/2025,52,09,62,90,70,Sun
28/04/2025,69,95,45,75,47,Mon
29/04/2025,08,89,39,86,82,Tue
30/04/2025,63,50,47,69,70,Wed
01/05/2025,25,22,06,96,70,Thu
02/05/2025,35,91,90,00,03,Fri
03/05/2025,99,73,06,98,32,Sat
04/05/2025,96,20,86,40,09,Sun
05/05/2025,84,90,98,37,94,Mon
06/05/2025,83,14,00,25,95,Tue
07/05/2025,49,29,67,32,18,Wed
08/05/2025,98,42,16,26,95,Thu
09/05/2025,16,44,31,44,33,Fri
10/05/2025,84,81,00,63,04,Sat
11/05/2025,74,96,02,87,41,Sun
12/05/2025,14,47,99,33,89,Mon
13/05/2025,21,84,40,91,72,Tue
14/05/2025,72,62,03,49,20,Wed
15/05/2025,48,61,48,84,86,Thu
16/05/2025,49,67,26,52,93,Fri
17/05/2025,79,20,79,14,20,Sat
18/05/2025,35,62,11,09,06,Sun
19/05/2025,15,13,23,09,67,Mon
20/05/2025,46,00,13,83,13,Tue
21/05/2025,05,94,65,44,48,Wed
22/05/2025,08,18,06,98,14,Thu
23/05/2025,20,63,04,46,56,Fri
24/05/2025,83,21,93,95,08,Sat
25/05/2025,12,82,89,08,65,Sun
26/05/2025,xx,xx,xx,xx,xx,Mon
27/05/2025,21,49,89,12,62,Tue
28/05/2025,37,41,85,60,19,Wed
29/05/2025,20,46,17,42,39,Thu
30/05/2025,74,75,49,56,03,Fri
31/05/2025,07,54,46,00,57,Sat
01/06/2025,25,80,26,79,98,Sun
02/06/2025,49,42,11,00,68,Mon
03/06/2025,29,03,43,03,56,Tue
04/06/2025,91,48,11,23,21,Wed
05/06/2025,28,29,60,52,48,Thu
06/06/2025,46,98,93,75,72,Fri
07/06/2025,xx,xx,xx,xx,xx,Sat
08/06/2025,xx,xx,xx,xx,xx,Sun
09/06/2025,15,81,73,73,11,Mon
10/06/2025,72,76,39,79,76,Tue
11/06/2025,73,22,34,93,35,Wed
12/06/2025,04,79,18,96,66,Thu
13/06/2025,31,60,24,27,14,Fri
14/06/2025,70,65,23,86,63,Sat
15/06/2025,04,20,33,73,86,Sun
16/06/2025,18,07,70,71,05,Mon
17/06/2025,07,44,27,30,68,Tue
18/06/2025,78,76,63,88,72,Wed
19/06/2025,03,50,76,05,51,Thu
20/06/2025,89,72,20,07,22,Fri
21/06/2025,83,80,76,27,99,Sat
22/06/2025,07,79,24,58,15,Sun
23/06/2025,62,79,57,11,30,Mon
24/06/2025,21,56,02,40,48,Tue
25/06/2025,70,30,20,68,78,Wed
26/06/2025,43,22,12,40,26,Thu
27/06/2025,75,58,13,35,47,Fri
28/06/2025,15,76,07,37,91,Sat
29/06/2025,13,81,63,60,71,Sun
30/06/2025,43,59,37,81,63,Mon
01/07/2025,24,15,76,66,22,Tue
02/07/2025,86,11,52,91,24,Wed
03/07/2025,19,65,52,51,57,Thu
04/07/2025,99,06,66,40,23,Fri
05/07/2025,xx,xx,xx,xx,xx,Sat
06/07/2025,xx,xx,xx,xx,xx,Sun
07/07/2025,88,58,90,97,35,Mon
08/07/2025,24,99,31,07,39,Tue
09/07/2025,95,92,65,67,54,Wed
10/07/2025,27,90,83,56,62,Thu
11/07/2025,88,95,77,31,72,Fri
12/07/2025,11,73,75,78,88,Sat
13/07/2025,78,57,14,43,32,Sun
14/07/2025,88,71,14,82,79,Mon
15/07/2025,29,73,73,99,09,Tue
16/07/2025,74,27,97,51,34,Wed
17/07/2025,67,07,07,61,51,Thu
18/07/2025,82,13,75,93,14,Fri
19/07/2025,42,76,28,23,47,Sat
20/07/2025,13,03,37,07,34,Sun
21/07/2025,51,36,89,06,50,Mon
22/07/2025,19,63,60,19,75,Tue
23/07/2025,56,40,38,82,40,Wed
24/07/2025,59,95,91,51,92,Thu
25/07/2025,90,42,86,97,19,Fri
26/07/2025,66,71,41,81,89,Sat
27/07/2025,41,30,81,82,75,Sun
28/07/2025,43,77,82,18,03,Mon
29/07/2025,54,22,77,04,37,Tue
30/07/2025,03,65,36,10,75,Wed
31/07/2025,78,81,01,22,42,Thu
01/08/2025,78,55,89,76,37,Fri
02/08/2025,78,38,33,90,28,Sat
03/08/2025,86,08,27,84,03,Sun
04/08/2025,55,91,98,74,55,Mon
05/08/2025,72,43,07,42,20,Tue
06/08/2025,63,72,61,27,24,Wed
07/08/2025,43,19,99,15,65,Thu
08/08/2025,27,01,28,01,42,Fri
09/08/2025,62,03,50,92,68,Sat
10/08/2025,32,82,90,39,07,Sun
11/08/2025,85,31,31,65,88,Mon
12/08/2025,62,83,36,03,58,Tue
13/08/2025,84,20,56,31,93,Wed
14/08/2025,08,05,46,65,05,Thu
15/08/2025,26,98,89,31,33,Fri
16/08/2025,30,98,85,29,48,Sat
17/08/2025,21,51,39,96,60,Sun
18/08/2025,38,37,55,98,06,Mon
19/08/2025,43,24,43,41,71,Tue
20/08/2025,93,51,08,99,71,Wed
21/08/2025,31,75,33,37,60,Thu
22/08/2025,81,65,12,62,50,Fri
23/08/2025,42,96,32,46,44,Sat
24/08/2025,55,29,06,31,23,Sun
25/08/2025,90,04,43,03,36,Mon
26/08/2025,37,64,15,18,29,Tue
27/08/2025,50,67,09,14,61,Wed
28/08/2025,67,91,03,64,98,Thu
29/08/2025,09,91,35,51,91,Fri
30/08/2025,01,60,05,92,83,Sat
31/08/2025,93,29,72,06,06,Sun
01/09/2025,59,12,27,55,86,Mon
02/09/2025,11,09,78,88,93,Tue
03/09/2025,55,42,55,57,21,Wed
04/09/2025,54,50,91,85,47,Thu
05/09/2025,31,63,58,83,98,Fri
06/09/2025,xx,xx,xx,xx,xx,Sat
07/09/2025,32,66,17,55,31,Sun
08/09/2025,01,68,35,76,72,Mon
09/09/2025,38,11,86,84,66,Tue
10/09/2025,96,39,17,30,03,Wed
11/09/2025,83,54,29,29,10,Thu
12/09/2025,38,36,52,10,85,Fri
13/09/2025,71,01,40,18,03,Sat
14/09/2025,19,17,75,83,73,Sun
15/09/2025,46,07,56,50,52,Mon
16/09/2025,59,19,52,68,35,Tue
17/09/2025,35,12,06,58,57,Wed
18/09/2025,30,19,36,20,86,Thu
19/09/2025,01,95,36,82,70,Fri
20/09/2025,54,32,33,59,79,Sat
21/09/2025,01,04,39,08,28,Sun
22/09/2025,44,27,28,12,58,Mon
23/09/2025,09,50,33,47,59,Tue
24/09/2025,03,09,77,95,49,Wed
25/09/2025,74,96,59,44,17,Thu
26/09/2025,78,57,90,76,56,Fri
27/09/2025,19,56,13,82,41,Sat
28/09/2025,88,42,90,95,21,Sun
29/09/2025,92,14,96,42,92,Mon
30/09/2025,79,11,40,58,77,Tue
01/10/2025,96,26,96,39,93,Wed
02/10/2025,44,42,74,40,25,Thu
03/10/2025,07,95,86,71,23,Fri
04/10/2025,12,86,35,85,91,Sat
05/10/2025,57,72,72,74,23,Sun
06/10/2025,36,68,93,54,85,Mon
07/10/2025,88,46,47,88,99,Tue
08/10/2025,63,33,42,91,48,Wed
09/10/2025,56,51,20,26,67,Thu
10/10/2025,15,47,28,90,78,Fri
11/10/2025,48,99,54,19,67,Sat
12/10/2025,82,21,48,45,71,Sun
13/10/2025,21,77,02,21,28,Mon
14/10/2025,85,86,29,40,31,Tue
15/10/2025,04,99,85,11,08,Wed
16/10/2025,74,08,20,60,55,Thu
17/10/2025,64,82,32,45,12,Fri
18/10/2025,97,40,41,03,95,Sat
19/10/2025,93,58,92,47,04,Sun
20/10/2025,xx,xx,xx,xx,xx,Mon
21/10/2025,04,90,74,43,90,Tue
22/10/2025,26,63,94,74,26,Wed
23/10/2025,99,92,56,68,86,Thu
24/10/2025,92,61,77,33,15,Fri
25/10/2025,94,54,04,54,72,Sat
26/10/2025,19,58,42,10,47,Sun
27/10/2025,93,79,00,66,40,Mon
28/10/2025,12,92,98,14,94,Tue
29/10/2025,52,97,14,87,61,Wed
30/10/2025,31,61,40,49,26,Thu
31/10/2025,85,15,80,18,68,Fri
01/11/2025,46,85,15,80,18,68,Sat
02/11/2025,08,62,00,54,69,Sun
03/11/2025,01,14,44,18,34,Mon
04/11/2025,69,80,08,20,34,Tue
05/11/2025,84,74,63,99,30,Wed
06/11/2025,01,78,26,94,49,Thu
07/11/2025,83,42,86,29,97,Fri
08/11/2025,17,60,18,06,18,Sat
09/11/2025,61,20,51,47,00,Sun
10/11/2025,56,78,04,16,41,Mon
11/11/2025,65,77,36,06,07,Tue
12/11/2025,18,38,85,69,82,Wed
13/11/2025,30,16,17,32,20,Thu
14/11/2025,31,00,16,73,27,Fri
15/11/2025,49,20,07,33,44,Sat
16/11/2025,33,47,20,20,46,Sun
17/11/2025,86,74,38,90,42,Mon
18/11/2025,54,85,23,62,46,Tue
19/11/2025,52,78,98,74,45,Wed
20/11/2025,48,47,71,70,13,Thu
21/11/2025,08,33,93,35,28,Fri
22/11/2025,70,52,74,97,82,Sat
23/11/2025,15,20,98,36,76,Sun
24/11/2025,79,51,82,60,08,Mon
25/11/2025,72,78,82,75,48,Tue
26/11/2025,86,86,42,06,10,Wed
27/11/2025,82,49,78,71,99,Thu
28/11/2025,65,89,68,27,70,Fri
29/11/2025,64,26,16,65,11,Sat
30/11/2025,49,65,93,44,87,Sun
01/12/2025,14,17,61,36,77,Mon
02/12/2025,73,65,10,96,83,Tue
03/12/2025,99,23,03,00,52,Wed
04/12/2025,60,17,78,69,71,Thu
05/12/2025,58,79,97,18,32,Fri
06/12/2025,20,17,55,98,49,Sat
07/12/2025,18,62,13,70,00,Sun
08/12/2025,26,60,44,77,51,Mon
09/12/2025,11,28,11,51,03,Tue
10/12/2025,70,70,87,72,81,Wed
11/12/2025,59,99,61,62,52,Thu
12/12/2025,00,89,47,16,85,Fri
13/12/2025,00,63,47,08,46,Sat
14/12/2025,22,35,16,82,98,Sun
15/12/2025,36,65,58,36,05,Mon
16/12/2025,62,40,62,37,09,Tue
17/12/2025,77,09,39,40,73,Wed
18/12/2025,64,16,11,40,81,Thu
19/12/2025,64,57,60,49,87,Fri
20/12/2025,58,83,63,25,26,Sat
21/12/2025,96,31,73,28,85,Sun
22/12/2025,85,26,64,64,48,Mon
23/12/2025,10,13,08,94,95,Tue
24/12/2025,63,87,69,91,21,Wed
25/12/2025,80,37,40,35,18,Thu
26/12/2025,25,54,84,96,59,Fri
27/12/2025,83,20,87,34,83,Sat
28/12/2025,62,76,90,36,34,Sun
29/12/2025,70,40,94,13,73,Mon
30/12/2025,49,00,15,01,35,Tue
31/12/2025,17,39,34,36,61,Wed
01/01/2026,69,32,99,43,35,Thu
02/01/2026,69,68,39,22,35,Fri
03/01/2026,59,49,41,15,23,Sat
04/01/2026,73,25,61,94,06,Sun
05/01/2026,22,59,31,37,02,Mon
06/01/2026,49,31,63,79,96,Tue
07/01/2026,90,31,56,66,17,Wed
08/01/2026,73,47,91,92,59,Thu
09/01/2026,89,95,65,43,28,Fri
10/01/2026,44,41,48,61,49,Sat
11/01/2026,59,10,23,55,19,Sun
12/01/2026,54,39,79,66,74,Mon
13/01/2026,20,14,10,70,81,Tue
14/01/2026,36,31,96,01,31,Wed
15/01/2026,07,01,12,70,42,Thu
16/01/2026,09,52,59,08,67,Fri
17/01/2026,22,01,18,96,91,Sat
18/01/2026,75,32,92,57,57,Sun
19/01/2026,41,47,30,95,99,Mon
20/01/2026,32,48,15,09,42,Tue
21/01/2026,19,41,74,55,43,Wed
22/01/2026,47,18,37,07,98,Thu
23/01/2026,34,07,32,84,40,Fri
24/01/2026,08,00,43,49,15,Sat
25/01/2026,31,72,40,84,35,Sun
26/01/2026,60,23,88,14,93,Mon
27/01/2026,73,08,55,02,77,Tue
28/01/2026,26,09,57,48,17,Wed
29/01/2026,01,84,57,83,89,Thu
30/01/2026,94,92,54,41,70,Fri
31/01/2026,21,15,99,42,40,Sat
01/02/2026,09,41,25,58,64,Sun
02/02/2026,90,93,43,32,32,Mon
03/02/2026,xx,xx,xx,xx,xx,Tue
04/02/2026,70,60,72,95,89,Wed
05/02/2026,32,77,13,38,31,Thu
06/02/2026,30,01,54,61,38,Fri
07/02/2026,08,32,01,21,57,Sat
08/02/2026,34,63,12,77,00,Sun
09/02/2026,22,76,06,08,16,Mon
10/02/2026,90,16,21,54,22,Tue
11/02/2026,65,35,26,68,51,Wed
12/02/2026,48,69,00,84,29,Thu
13/02/2026,58,28,84,52,65,Fri
14/02/2026,48,57,59,59,06,Sat
15/02/2026,03,69,73,92,87,Sun
16/02/2026,20,77,88,73,35,Mon
17/02/2026,03,66,65,22,63,Tue
18/02/2026,42,98,66,38,70,Wed
19/02/2026,25,82,21,21,86,Thu
20/02/2026,25,13,81,25,69,Fri
21/02/2026,63,88,72,16,73,Sat
22/02/2026,18,84,26,41,14,Sun
23/02/2026,78,16,59,69,02,Mon
24/02/2026,13,54,89,80,45,Tue
25/02/2026,00,14,66,58,88,Wed
26/02/2026,13,59,58,70,09,Thu
27/02/2026,48,35,91,68,54,Fri
28/02/2026,71,20,59,57,66,Sat
01/03/2026,68,89,82,83,48,Sun
02/03/2026,00,87,83,29,87,Mon
03/03/2026,51,19,03,28,49,Tue
04/03/2026,57,54,41,13,55,Wed
05/03/2026,96,22,23,91,41,Thu
06/03/2026,14,89,26,26,91,Fri
07/03/2026,08,13,88,84,03,Sat
08/03/2026,67,14,29,30,72,Sun
09/03/2026,40,85,32,00,91,Mon
10/03/2026,29,85,87,27,58,Tue
11/03/2026,48,48,64,08,38,Wed
12/03/2026,92,68,29,65,87,Thu
13/03/2026,96,29,71,45,07,Fri
14/03/2026,47,04,22,46,76,Sat
15/03/2026,40,66,75,68,26,Sun
16/03/2026,56,03,67,90,46,Mon
17/03/2026,89,56,05,72,07,Tue
18/03/2026,63,91,22,14,63,Wed
19/03/2026,92,23,05,17,68,Thu
20/03/2026,82,40,54,52,21,Fri
21/03/2026,xx,xx,xx,xx,xx,Sat
22/03/2026,xx,xx,xx,xx,xx,Sun
23/03/2026,20,25,44,15,87,Sat
24/03/2026,12,12,12,36,08,Sun
25/03/2026,40,06,94,04,45,Mon
26/03/2026,55,87,62,40,51,Thu
27/03/2026,81,99,56,44,43,Fri
28/03/2026,86,16,98,98,95,Sat
29/03/2026,61,12,09,83,61,Sun
30/03/2026,58,92,25,03,06,Mon
31/03/2026,76,55,20,59,44,Tue
01/04/2026,97,92,69,06,23,Wed
02/04/2026,52,46,06,30,76,Thu
03/04/2026,22,63,19,03,56,Fri
04/04/2026,86,88,04,92,96,Sat
05/04/2026,75,53,06,13,96,Sun
06/04/2026,61,76,17,05,79,Mon
07/04/2026,59,16,99,58,93,Tue
08/04/2026,61,81,79,02,49,Wed
09/04/2026,65,62,71,56,45,Thu
10/04/2026,30,17,87,76,63,Fri
11/04/2026,54,70,52,17,05,Sat
12/04/2026,27,81,88,73,25,Sun
13/04/2026,56,23,86,59,80,Mon
14/04/2026,15,03,02,02,80,Tue
15/04/2026,92,35,31,72,72,Wed
16/04/2026,76,92,57,94,34,Thu
17/04/2026,20,94,89,95,92,Fri
18/04/2026,50,51,37,97,71,Sat
19/04/2026,81,56,40,57,37,Sun
20/04/2026,98,50,88,81,90,Mon
21/04/2026,42,25,84,97,35,Tue
22/04/2026,09,52,41,69,76,Wed
23/04/2026,09,84,51,19,37,Thu
24/04/2026,79,79,05,98,18,Fri