1 01 06 56 51 21 21 26 71 76 41 41 46 91 96 61 61 66 16 11 81 81 86 31 36
2 02 07 57 52 22 22 27 72 77 42 42 47 92 97 62 12 17 62 67 82 82 87 32 37
3 03 08 58 53 23 23 28 73 78 43 43 48 93 98 63 13 18 63 68 83 83 88 33 38
4 04 09 59 54 24 24 29 74 79 44 44 49 94 99 64 14 64 19 69 84 84 89 34 39
5 00 05 50 55 25 20 25 70 75 45 40 45 90 95 65 60 65 10 15 85 85 80 35 30
6 01 06 56 51 26 21 26 71 76 46 41 46 91 96 66 61 66 16 11 86 86 81 36 31
7 02 07 57 52 27 22 27 72 77 47 42 47 92 97 67 12 17 62 67 87 82 87 32 37
8 03 08 58 53 28 23 28 73 78 48 43 48 93 98 68 13 18 63 68 88 83 88 33 38
9 04 09 59 54 29 24 29 74 79 49 44 49 94 99 69 14 64 19 69 89 84 89 34 39
10 10 15 60 65 30 30 35 80 85 50 00 05 55 50 70 20 25 70 75 90 90 95 40 45
11 11 16 61 66 31 31 36 81 86 51 51 56 01 06 71 71 76 21 26 91 91 96 41 46
12 12 17 62 67 32 32 37 82 87 52 52 57 02 07 72 72 77 22 27 92 92 97 42 47
13 13 18 63 68 33 33 38 83 88 53 53 58 03 08 73 73 78 23 28 93 93 98 43 48
14 14 19 64 69 34
34 39 84 
89* 54 54 59 04 09 74 74 79 24 29 94 94 99 44 49
15 15 65 10 60 35 30 35 80 85 55 55 00 05 50 75 75 70 25 20 95 95 90 45 40
16 11 16 61 66 36 31 36 81 86 56 51 56 01 06 76 76 71 26 21 96 96 91 41 46
17 12 17 62 67 37 32 37 82 87 57 52 57 02 07 77 77 72 27 22 97 97 92 42 47
18 13 18 63 68 38 33 38 83 88 58 53 58 03 08 78 78 73 28 23 98 98 93 43 48
19 14 19 64 69 39
34 39 84 
89* 59 54 59 04 09 79 79 74 29 24 99 99 94 44 49
20 20 25 70 75 40 40 45 90 95 60 60 65 15 10 80 80 85 30 35 100 00 55 05 50
